0 0.46424829959869385 0.0010549254948273301 0.10230738669633865 0.0021098509896546602
0 0.7525609135627747 0.12783806025981903 0.06529796868562698 0.06678641587495804
0 0.8168553709983826 0.021246593445539474 0.07055622339248657 0.04249318689107895
0 0.2635762393474579 0.04723980650305748 0.10230738669633865 0.09447961300611496
0 0.1766967922449112 0.158598855137825 0.09541694819927216 0.09137684851884842
0 0.11908014118671417 0.2800407409667969 0.10209473967552185 0.09720408171415329
0 0.056831736117601395 0.4245675802230835 0.08788862824440002 0.08640018105506897
0 0.016202084720134735 0.5338493585586548 0.03240416944026947 0.10210613161325455
0 0.37492674589157104 0.10970370471477509 0.10230738669633865 0.09699146449565887
0 0.6712043881416321 0.2700088322162628 0.06529796868562698 0.06678641587495804
0 0.32185015082359314 0.24166220426559448 0.09541694819927216 0.09137684851884842
0 0.5989563465118408 0.3870372474193573 0.07055622339248657 0.07246996462345123
0 0.5327367782592773 0.5200532078742981 0.10756851732730865 0.10501687973737717
0 0.246337890625 0.3528634011745453 0.10209473967552185 0.09720408171415329
0 0.15326924622058868 0.4797534942626953 0.08788862824440002 0.08640018105506897
0 0.5045238137245178 0.6523822546005249 0.08831676095724106 0.08831676095724106
0 0.393772155046463 0.7698132395744324 0.08498641848564148 0.09242871403694153
0 0.0984225645661354 0.602120578289032 0.1065715029835701 0.10210613161325455
0 0.9792301058769226 0.9374146461486816 0.04153983294963837 0.08831676095724106
0 0.31469130516052246 0.9080072045326233 0.08498641848564148 0.09242871403694153
0 0.0368826687335968 0.7383261322975159 0.0737653374671936 0.10210613161325455