0 0.6674781441688538 0.025754503905773163 0.12756478786468506 0.051509007811546326
0 0.9059123992919922 0.19192084670066833 0.12444444000720978 0.12479588389396667
0 0.9961414933204651 0.046010661870241165 0.007717043627053499 0.09202132374048233
0 0.32618585228919983 0.03816518560051918 0.12756478786468506 0.07633037120103836
0 0.19216130673885345 0.19370806217193604 0.13696037232875824 0.137282133102417
0 0.05028875917196274 0.36348745226860046 0.10057751834392548 0.1353016197681427
0 0.0006905229529365897 0.017515892162919044 0.0013810459058731794 0.03503178432583809
0 0.48658445477485657 0.1707463264465332 0.12756478786468506 0.12792614102363586
0 0.30695641040802 0.30705776810646057 0.13696037232875824 0.137282133102417
0 0.13920649886131287 0.4682971239089966 0.13503432273864746 0.1353016197681427
0 0.6939640045166016 0.4065719544887543 0.12444444000720978 0.12479588389396667
0 0.5324052572250366 0.5583958625793457 0.1267884075641632 0.1271398663520813
0 0.38107791543006897 0.7218752503395081 0.10918153822422028 0.10958743840456009
0 0.940507709980011 0.9508213400840759 0.11898460984230042 0.09835731983184814
0 0.017185021191835403 0.642848551273346 0.03437004238367081 0.1353016197681427
0 0.06266030669212341 0.9856520891189575 0.12532061338424683 0.028695786371827126
0 0.22347524762153625 0.8814876079559326 0.10918153822422028 0.10958743840456009